head=owata1
&format=1
&title=Good-bye Chalon
&bgm_vol=65
&se_vol=60
&level4=8
&start_time=1.872
&unit_time=0.09740259740259741
&scroll_time=0.38961038961038963
&bunki=0,0,0,0
&seq4=
2|,,1,,1,2,,1,,1,,2,1,,2,,
1|,,1,,1,2,,1,,1,,2,1,1,2,2,
1|,,1,1,2,2,,1,,1,,1,2,2,1,2,
u(0.03246753246753247)
1|,,,,,,1,,,,,,
1,,,2,,,,,,1,,,
,,,1,,,,,,1,,1,
,2,,2,,,1,,,2,,,
u(0.09740259740259741)
1|,,1,,1,2,,1,,1,2,1,2,2,1,2,
u(0.03246753246753247)
1|,,,,,,1,,,1,,,
2,,,2,,,,,,1,,,
2,,,,,,1,,,2,,,
,,,2,,2,,2,,2,,,
u(0.03246753246753247)
1|,,,,2,,,,1,,,,
,,,2,,,,,,1,,,
,,,1,,,2,,,2,,,
1,,,2,,2,,1,,2,,,
u(0.03246753246753247)
1|,,,,,,1,,,1,,,
2,,,2,,,,,,1,,,
,,,1,,1,,2,,2,,,
1,,,1,,,2,,,2,,,
u(0.09740259740259741)
1|,,,2,1,,2,,1,2,,2,1,,2,,
1|,,,2,1,,2,,1,1,2,2,1,1,2,2,
1|,,,2,1,,2,,1,2,,2,1,,2,,
1|,,,2,1,,2,,1,1,2,1,,1,2,1,
1|,2,1,2,1,,1,1,2,1,2,1,,1,2,2,
1|,2,1,2,1,,1,1,2,1,1,2,1,1,2,2,
1|,,1,2,1,2,1,1,2,2,1,2,1,2,1,2,
u(0.03246753246753247)
1|,,1,,2,,,,2,,,,
1,,1,,2,,,,2,,,,
3,,,,2,,,,2,,,,
3,,,,,,1,,,1,,,
u(0.09740259740259741)
1|,,2,,1,,2,1,,,2,,1,,2,1,
|,,2,,1,,2,1,,,2,,1,,2,1,
|,,2,,,,2,,,,2,,1,,2,,
u(0.03246753246753247)
1|,,,1,,,2,,,2,,,
1,,,1,,,2,,,2,,,
1,,,2,,,1,,,2,,,
1,,1,,1,,2,,2,,2,,
u(0.03246753246753247)
1|,,,,,,,,,,,,
2,,,,,,,,,1,,,
1,,,,,,1,,,,,,
2,,2,,2,,2,,,1,,,
u(0.09740259740259741)
1|,,,,2,,,1,1,,1,,2,,,,
u(0.03246753246753247)
1|,,,,,,,,,,,,
2,,,,,,,,,1,,,
1,,,,,,1,,,1,,,
2,,,,1,,,,2,,,,
u(0.03246753246753247)
1|,,,2,,,2,,,2,,,
1,,,,2,,,,2,,,,
1,,1,,2,,2,,,2,,,
1,,,1,,,2,,,1,,,
u(0.09740259740259741)
2|,1,2,,1,,2,1,,1,2,,1,,2,1,
|,1,2,,1,,2,1,,1,2,,1,1,2,1,
|,1,2,,1,,2,1,,1,2,,1,,2,,
u(0.03246753246753247)
1|,,,1,,,2,,,,,,
1,,,,,,2,,,1,,,
,,,,1,,1,,2,,2,,
1,,,2,,,1,,,2,,,
u(0.09740259740259741)
1|,,2,,1,1,2,1,,1,2,,2,2,1,1,
|,4,,4,,3,,3,,,2,,1,1,2,1,
|,1,2,,2,2,1,2,,1,2,,2,2,1,2,
u(0.03246753246753247)
1|,,1,,1,,2,,,2,,,
2,,,,2,,,,2,,,,
1,,1,,1,,2,,,2,,,
2,,,,2,,,,2,,,,
u(0.03246753246753247)
gg
1|,,,,1,,,,1,,,,
1,,,,,,2,,2,,2,,
1,,,,1,,,,1,,,,
1,,,,,,2,,2,,2,,
u(0.03246753246753247)
1|,,,,1,,,,1,,,,
1,,,,,,2,,2,,2,,
1,,,1,,,2,,,2,,,
1,,,1,,,1,,1,,1,,
u(0.03246753246753247)
2|,,,,2,,,,2,,,,
2,,,,,,1,,1,,1,,
2,,,,2,,,,2,,,,
2,,,,,,1,,1,,1,,
u(0.03246753246753247)
2|,,,,2,,,,2,,,,
2,,,,,,1,,1,,1,,
2,,,2,,,1,,,1,,,
2,,,2,,,1,,,1,,,
u(0.03246753246753247)
1|,,,,1,,,,1,,,,
1,,,,,,1,,,1,,,
1,,,,,,1,,,1,,,
2,,,,,,2,,,2,,,
u(0.03246753246753247)
1|,,,,,,2,,,1,,,
1,,,,,,2,,,,,,
1,,,,,,1,,1,,2,,
1,,,,,,1,,,,,,
u(0.03246753246753247)
2|,,,,2,,,,2,,,,
2,,,,,,1,,1,,1,,
2,,,,2,,,,2,,,,
2,,,,,,1,,1,,1,,
u(0.03246753246753247)
2|,,,2,,,1,,1,,1,,
2,,,2,,,1,,2,,2,,
1,,,2,,,1,,,2,,,
1,,,1,,,2,,,2,,,
u(0.03246753246753247)
1|,,,1,,,2,,2,,2,,
1,,,1,,,2,,2,,2,,
1,,,,,,,,,,,,
1,,,1,,,2,,2,,2,,
u(0.09740259740259741)
1|,,,,1,,1,1,1,,1,1,2,,2,2,
u(0.03246753246753247)
1|,,,,,,2,,2,,2,,
1,,,,,,2,,2,,2,,
1,,,1,,,2,,2,,2,,
1,,,,,,,,,,,,
u(0.09740259740259741)
1|,,1,1,2,,1,2,1,,1,1,2,,2,2,
1|,,,,2,,1,1,1,,1,1,2,,2,1,
1|,,1,1,2,2,1,,1,1,2,2,1,1,2,2,
u(0.03246753246753247)
1|,,,,1,,,,1,,,,
1,,,,,,2,,2,,2,,
1,,,,1,,,,1,,,,
1,,,,,,1,,1,,1,,
u(0.03246753246753247)
2|,,,,2,,,,2,,,,
2,,,,,,1,,1,,1,,
2,,,1,,,1,,,2,,,
2,,,1,,,1,,2,,2,,
u(0.09740259740259741)
1|,,2,1,,1,2,,1,,2,1,,1,2,,
1|,,2,1,,1,2,,1,1,2,2,1,1,2,2,
1|,,2,1,,1,2,,1,,2,1,,1,2,,
u(0.03246753246753247)
1|,,1,,2,,1,,,,,,
1,,1,,2,,1,,,,,,
2,,2,,1,,2,,,,,,
2,,2,,1,,2,,,,,,
u(0.03246753246753247)
1|,,1,,1,,1,,1,,1,,
2,,,,,,,,,,,,
,,,,,,,,1,,,,
2,,,2,,,2,,,2,,,
u(0.09740259740259741)
g
1|,,2,,1,2,,1,,1,,2,1,,2,2,
1|,,2,,1,2,,2,1,2,1,2,1,2,,2,
1|,,2,,1,2,,1,,1,1,1,2,2,1,2,
1|,,2,,1,1,,2,,1,,2,1,,2,2,
u(0.03246753246753247)
1|,,,,2,,,,1,,,,
,,,2,,,,,,1,,,
,2,,2,,2,,,,1,,,
1,,,,,,2,,,2,,,
u(0.09740259740259741)
1|,2,1,,1,2,1,2,1,1,1,2,1,1,2,,
u(0.03246753246753247)
1|,,,,1,,,,1,,,,
,,,2,,,,,,1,,,
,,,1,,,2,,,2,,,
1,,,2,,2,,1,,2,,,
u(0.03246753246753247)
1|,,,,,,1,,,1,,,
2,,,2,,,,,,1,,,
,,,1,,2,,2,,2,,,
1,,,1,,,2,,,,,,
u(0.03246753246753247)
gg
1|,,,,,,,,,1,,,
2,,,,,,1,,,1,,,
,,,2,,2,,2,,2,,,
1,,,1,,,2,,,1,,,
u(0.03246753246753247)
|,,,,2,,2,,2,,2,,
1,,,,2,,,,1,,,,
2,,,2,,,2,,2,,2,,
1,,,2,,,2,,,1,,,
u(0.09740259740259741)
|,,,,,,,,,,,,,,,,
|,,,,,,,,,,,,3,,,,
|,,,,,,,,,,,,,,,,
|,,,,,,,,77(50),,,,,,,,
|,,,,,,,,,,,,,,,,
|,,,,,,,,,,,,,,,,
|,,,,,,,567,
g
,,,,,,,,